4294967278,84
4294967278,83
4294967278,82
4294967278,81
4294967278,80
4294967278,79
4294967278,78
4294967278,77
4294967278,75
4294967278,73
4294967278,72
4294967278,71
4294967278,70
4294967278,69
4294967278,68
4294967278,66
4294967278,64
4294967278,62
4294967278,61
4294967278,60
4294967278,58
4294967278,57
4294967279,76
4294967294,22
4294967294,76
4294967294,41
4294967294,43
4294967294,417
4294967294,51
4294967294,52
4294967294,83
4294967294,5
4294967278,194
4294967278,193
4294967278,192
4294967278,132
4294967278,131
4294967278,130
4294967278,129
4294967278,128
4294967278,127
4294967278,126
4294967278,125
4294967278,124
4294967278,123
4294967278,122
4294967278,121
4294967278,120
4294967278,119
4294967278,118
4294967278,117
4294967278,116
4294967278,115
4294967278,114
4294967278,113
4294967278,112
4294967278,111
4294967278,110
4294967278,109
4294967278,108
4294967278,107
4294967278,106
4294967278,105
4294967278,104
4294967278,103
4294967278,102
4294967278,101
4294967278,100
4294967278,99
4294967278,98
4294967278,97
4294967278,96
4294967278,95
4294967278,94
4294967278,93
4294967278,92
4294967278,91
4294967278,90
4294967278,89
4294967278,87
4294967278,86
4294967278,85
4294967278,76
4294967278,74
4294967278,67
4294967278,65
4294967278,63
4294967278,59
4294967278,56
4294967278,55
4294967278,53
4294967278,345
4294967278,260
4294967279,75
4294967279,74
4294967279,73
4294967279,72
4294967279,71
4294967279,70
4294967279,69
4294967279,68
4294967279,67
4294967279,66
4294967279,65
4294967279,64
4294967279,63
4294967279,62
4294967279,61
4294967279,60
4294967279,59
4294967279,58
4294967279,57
4294967279,56
4294967279,55
4294967279,54
4294967279,53
4294967279,52
4294967279,50
4294967279,49
4294967279,48
4294967279,47
4294967279,46
4294967279,45
4294967279,44
4294967279,42
4294967279,41
4294967279,39
4294967279,38
4294967279,36
4294967279,35
4294967279,33
4294967279,32
4294967279,30
4294967279,29
4294967279,27
4294967279,26
4294967279,317
4294967279,24
4294967279,316
4294967279,23
4294967279,283
4294967279,22
4294967279,359
4294967279,21
4294967279,358
4294967279,20
4294967279,270
4294967279,19
4294967279,268
4294967279,18
4294967279,267
4294967279,17
4294967279,281
4294967279,16
4294967279,356
4294967279,15
4294967279,355
4294967279,14
4294967279,278
4294967279,13
4294967279,315
4294967279,12
4294967279,352
4294967279,11
4294967279,277
4294967279,10
4294967279,9
4294967279,8
4294967279,7
4294967279,6
4294967279,5
4294967279,4
4294967278,191
4294967294,824
4294967294,826
4294967294,936
4294967294,1026
4294967279,187
4294967294,57
4294967294,56
4294967294,55
4294967294,66
4294967294,65
4294967294,64
4294967294,63
4294967294,62
4294967279,186
4294967294,939
4294967294,60
4294967294,61
4294967279,185
122,5
4294967279,184
122,4
4294967278,185
122,3
122,2
122,1
4294967278,328
4294967279,183
4294967279,182
4294967279,181
121,6
4294967278,182
121,5
4294967279,180
121,4
121,3
121,2
121,1
4294967279,179
4294967294,427
4294967278,180
4294967279,178
4294967279,177
120,6
120,5
4294967279,176
120,4
120,3
120,2
120,1
4294967278,368
4294967278,0
4294967279,175
4294967279,173
4294967278,175
4294967279,172
119,6
4294967278,173
119,5
4294967279,171
119,4
119,3
119,2
119,1
4294967279,170
4294967278,171
4294967278,54
4294967294,969
4294967279,169
4294967278,170
4294967279,168
118,6
118,5
4294967279,167
118,4
118,3
118,2
118,1
4294967279,166
4294967294,952
4294967294,436
4294967279,51
4294967279,165
4294967279,164
117,5
117,4
4294967279,163
117,3
117,2
117,1
4294967279,295
4294967294,972
4294967279,162
4294967294,966
4294967294,8
4294967294,7
4294967279,161
116,7
4294967279,160
116,6
116,5
4294967279,159
116,4
116,3
116,2
116,1
4294967279,158
4294967294,950
4294967294,965
4294967279,43
4294967279,157
4294967279,156
115,5
115,4
4294967279,155
115,3
115,2
115,1
4294967279,330
4294967294,36
4294967294,39
4294967279,154
4294967294,17
4294967294,99
4294967279,40
4294967279,153
114,4
4294967279,152
114,3
114,2
114,1
4294967279,329
4294967294,918
4294967279,151
4294967279,37
4294967279,150
113,4
4294967279,149
113,3
113,2
113,1
4294967279,328
4294967294,470
